17
2.50e11
2.20e11 0.000e00 0.000e00 2.000e04 5.974e24 earth.png
0.000e00 2.20e11 -2.000e004 0.000e00 6.419e23 mars.png
-2.20e11 0.000e00 0.000e00 -2.000e04 3.302e23 mercury.png
0.000e00 0.000e00 0.000e00 0.000e00 1.989e30 sun.png
0.000e00 -2.20e11 2.000e04 0.000e00 4.869e24 venus.png

2.20e11 2.20e11 0.000e00 2.000e04 5.974e24 earth.png
-2.20e11 2.20e11 -2.000e004 0.000e00 6.419e23 mars.png
-2.20e11 -2.20e11 0.000e00 -2.000e04 3.302e23 mercury.png
2.20e11 -2.20e11 2.000e04 0.000e00 4.869e24 venus.png

1.10e11 1.10e11 0.000e00 2.000e04 5.974e24 earth.png
-1.10e11 1.10e11 -2.000e004 0.000e00 6.419e23 mars.png
-1.10e11 -1.10e11 0.000e00 -2.000e04 3.302e23 mercury.png
1.10e11 -1.10e11 2.000e04 0.000e00 4.869e24 venus.png

1.10e11 0.000e00 0.000e00 2.000e04 5.974e24 earth.png
0.000e00 1.10e11 -2.000e004 0.000e00 6.419e23 mars.png
-1.10e11 0.000e00 0.000e00 -2.000e04 3.302e23 mercury.png
0.000e00 -1.10e11 2.000e04 0.000e00 4.869e24 venus.png
