16
2.50e11

1.000e11 0.000e00 0.000e00 -2.52664e05 1.000e32 earth.png

-1.000e11 0.000e00 0.000e00 2.52664e05 1.000e32 mars.png

0.000e00 1.000e11 2.52664e05 0.000e00 1.000e32 mercury.png

0.000e00 -1.000e11 -2.52664e05 0.000e00 1.000e32 venus.png

1.000e07 0.000e00 0.000e00 0.000e00 1.000e01 sun.png

0.000e00 1.000e07 0.000e00 0.000e00 1.000e01 sun.png

-1.000e07 0.000e00 0.000e00 0.000e00 1.000e01 sun.png

0.000e00 -1.000e07 0.000e00 0.000e00 1.000e01 sun.png

1.000e13 1.000e13 -1.000e06 -1.000e06 2.000e32 blackhole.png

1.000e13 -1.000e13 -1.000e06 1.000e06 2.000e32 blackhole.png

-1.000e13 1.000e13 1.000e06 -1.000e06 2.000e32 blackhole.png

-1.000e13 -1.000e13 1.000e06 1.000e06 2.000e32 blackhole.png

0.000e00 1.414e13 0.000e00 -1.414e06 2.000e22 blackhole.png

0.000e00 -1.414e13 0.000e00 1.414e06 2.000e22 blackhole.png

-1.414e13 0.000e00 1.414e06 0.000e00 2.000e22 blackhole.png

1.414e13 0.000e00 -1.414e06 0.000e00 2.000e22 blackhole.png
