143
6.00e12
5.5e12 3.75e12 0.000e00 -1.000e02 1.989e35 ninjasquirrel_red.png
-5.5e12 -3.75e12 0.000e00 1.000e02 1.989e35 squirrel.png

5.0e12 0.000e00 1.000e05 4.737e04 1.314e17 acorn3.png
6.0e12 0.000e00 1.000e05 4.737e04 1.314e17 acorn3.png
7.0e12 0.000e00 1.000e05 4.737e04 1.314e17 acorn3.png
8.0e12 0.000e00 1.000e05 4.737e04 1.314e17 acorn3.png
9.0e12 0.000e00 1.000e05 4.737e04 1.314e17 acorn3.png
10.0e12 0.000e00 1.000e05 4.737e04 1.314e17 acorn3.png
11.0e12 0.000e00 1.000e05 4.737e04 1.314e17 acorn3.png
4.0e12 0.000e00 1.000e05 4.737e04 1.314e17 acorn3.png
3.0e12 0.000e00 1.000e05 4.737e04 1.314e17 acorn3.png
2.0e12 0.000e00 1.000e05 4.737e04 1.314e17 acorn3.png
1.0e12 0.000e00 1.000e05 4.737e04 1.314e17 acorn3.png
0.0e12 0.000e00 1.000e05 4.737e04 1.314e17 acorn3.png
0.5e12 0.000e00 1.000e05 4.737e04 1.314e17 acorn3.png
-0.5e12 0.000e00 1.000e05 4.737e04 -1.314e17 acorn3.png
-1.0e12 0.000e00 1.000e05 4.737e04 -1.314e17 acorn3.png
-2.0e12 0.000e00 1.000e05 4.737e04 -1.314e17 acorn3.png
-3.0e12 0.000e00 1.000e05 4.737e04 -1.314e17 acorn3.png
-4.0e12 0.000e00 1.000e05 4.737e04 -1.314e17 acorn3.png
-5.0e12 0.000e00 1.000e05 4.737e04 -1.314e17 acorn3.png
-6.0e12 0.000e00 1.000e05 4.737e04 -1.314e17 acorn3.png
-7.0e12 0.000e00 1.000e05 4.737e04 -1.314e17 acorn3.png
-8.0e12 0.000e00 1.000e05 4.737e04 -1.314e17 acorn3.png
-9.0e12 0.000e00 1.000e05 4.737e04 -1.314e17 acorn3.png
-10.0e12 0.000e00 1.000e05 4.737e04 -1.314e17 acorn3.png
-11.0e12 0.000e00 1.000e05 4.737e04 -1.314e17 acorn3.png
5.5e12 0.000e00 1.000e05 4.737e04 1.314e17 acorn3.png
6.5e12 0.000e00 1.000e05 4.737e04 1.314e17 acorn3.png
7.5e12 0.000e00 1.000e05 4.737e04 1.314e17 acorn3.png
8.5e12 0.000e00 1.000e05 4.737e04 1.314e17 acorn3.png
9.5e12 0.000e00 1.000e05 4.737e04 1.314e17 acorn3.png
10.5e12 0.000e00 1.000e05 4.737e04 1.314e17 acorn3.png
11.5e12 0.000e00 1.000e05 4.737e04 1.314e17 acorn3.png
4.5e12 0.000e00 1.000e05 4.737e04 1.314e17 acorn3.png
3.5e12 0.000e00 1.000e05 4.737e04 1.314e17 acorn3.png
2.5e12 0.000e00 1.000e05 4.737e04 1.314e17 acorn3.png
1.5e12 0.000e00 1.000e05 4.737e04 1.314e17 acorn3.png
-1.5e12 0.000e00 1.000e05 4.737e04 -1.314e17 acorn3.png
-2.5e12 0.000e00 1.000e05 4.737e04 -1.314e17 acorn3.png
-3.5e12 0.000e00 1.000e05 4.737e04 -1.314e17 acorn3.png
-4.5e12 0.000e00 1.000e05 4.737e04 -1.314e17 acorn3.png
-5.5e12 0.000e00 1.000e05 4.737e04 -1.314e17 acorn3.png
-6.5e12 0.000e00 1.000e05 4.737e04 -1.314e17 acorn3.png
-7.5e12 0.000e00 1.000e05 4.737e04 -1.314e17 acorn3.png
-8.5e12 0.000e00 1.000e05 4.737e04 -1.314e17 acorn3.png
-9.5e12 0.000e00 1.000e05 4.737e04 -1.314e17 acorn3.png
-10.5e12 0.000e00 1.000e05 4.737e04 -1.314e17 acorn3.png
-11.5e12 0.000e00 1.000e05 4.737e04 -1.314e17 acorn3.png

5.0e12 1.0e12 1.000e05 4.737e04 1.314e17 acorn3.png
6.0e12 1.000e12 1.000e05 4.737e04 1.314e17 acorn3.png
7.0e12 1.000e12 1.000e05 4.737e04 1.314e17 acorn3.png
8.0e12 01.000e12 1.000e05 4.737e04 1.314e17 acorn3.png
9.0e12 01.000e12 1.000e05 4.737e04 1.314e17 acorn3.png
10.0e12 01.000e12 1.000e05 4.737e04 1.314e17 acorn3.png
11.0e12 01.000e12 1.000e05 4.737e04 1.314e17 acorn3.png
4.0e12 01.000e12 1.000e05 4.737e04 1.314e17 acorn3.png
3.0e12 01.000e12 1.000e05 4.737e04 1.314e17 acorn3.png
2.0e12 01.000e12 1.000e05 4.737e04 1.314e17 acorn3.png
1.0e12 01.000e12 1.000e05 4.737e04 1.314e17 acorn3.png
0.0e12 01.000e12 1.000e05 4.737e04 1.314e17 acorn3.png
0.5e12 01.000e12 1.000e05 4.737e04 1.314e17 acorn3.png
-0.5e12 01.000e12 1.000e05 4.737e04 -1.314e17 acorn3.png
-1.0e12 01.000e12 1.000e05 4.737e04 -1.314e17 acorn-1.png
-2.0e12 01.000e12 1.000e05 4.737e04 -1.314e17 acorn3.png
-3.0e12 01.000e12 1.000e05 4.737e04 -1.314e17 acorn3.png
-4.0e12 01.000e12 1.000e05 4.737e04 -1.314e17 acorn3.png
-5.0e12 01.000e12 1.000e05 4.737e04 -1.314e17 acorn3.png
-6.0e12 01.000e12 1.000e05 4.737e04 -1.314e17 acorn3.png
-7.0e12 01.000e12 1.000e05 4.737e04 -1.314e17 acorn3.png
-8.0e12 01.000e12 1.000e05 4.737e04 -1.314e17 acorn3.png
-9.0e12 01.000e12 1.000e05 4.737e04 -1.314e17 acorn3.png
-10.0e12 01.000e12 1.000e05 4.737e04 -1.314e17 acorn3.png
-11.0e12 01.000e12 1.000e05 4.737e04 -1.314e17 acorn3.png
5.5e12 01.000e12 1.000e05 4.737e04 1.314e17 acorn3.png
6.5e12 01.000e12 1.000e05 4.737e04 1.314e17 acorn3.png
7.5e12 01.000e12 1.000e05 4.737e04 1.314e17 acorn3.png
8.5e12 01.000e12 1.000e05 4.737e04 1.314e17 acorn3.png
9.5e12 01.000e12 1.000e05 4.737e04 1.314e17 acorn3.png
10.5e12 01.000e12 1.000e05 4.737e04 1.314e17 acorn3.png
11.5e12 01.000e12 1.000e05 4.737e04 1.314e17 acorn3.png
4.5e12 01.000e12 1.000e05 4.737e04 1.314e17 acorn3.png
3.5e12 01.000e12 1.000e05 4.737e04 1.314e17 acorn3.png
2.5e12 01.000e12 1.000e05 4.737e04 1.314e17 acorn3.png
1.5e12 01.000e12 1.000e05 4.737e04 1.314e17 acorn3.png
-1.5e12 01.000e12 1.000e05 4.737e04 -1.314e17 acorn3.png
-2.5e12 01.000e12 1.000e05 4.737e04 -1.314e17 acorn3.png
-3.5e12 01.000e12 1.000e05 4.737e04 -1.314e17 acorn3.png
-4.5e12 01.000e12 1.000e05 4.737e04 -1.314e17 acorn3.png
-5.5e12 01.000e12 1.000e05 4.737e04 -1.314e17 acorn3.png
-6.5e12 01.000e12 1.000e05 4.737e04 -1.314e17 acorn3.png
-7.5e12 01.000e12 1.000e05 4.737e04 -1.314e17 acorn3.png
-8.5e12 01.000e12 1.000e05 4.737e04 -1.314e17 acorn3.png
-9.5e12 01.000e12 1.000e05 4.737e04 -1.314e17 acorn3.png
-10.5e12 01.000e12 1.000e05 4.737e04 -1.314e17 acorn3.png
-11.5e12 01.000e12 1.000e05 4.737e04 -1.314e17 acorn3.png

5.0e12 -1.0e12 1.000e05 4.737e04 1.314e17 acorn3.png
6.0e12 -1.000e12 1.000e05 4.737e04 1.314e17 acorn3.png
7.0e12 -1.000e12 1.000e05 4.737e04 1.314e17 acorn3.png
8.0e12 -01.000e12 1.000e05 4.737e04 1.314e17 acorn3.png
9.0e12 -01.000e12 1.000e05 4.737e04 1.314e17 acorn3.png
10.0e12 -01.000e12 1.000e05 4.737e04 1.314e17 acorn3.png
11.0e12 -01.000e12 1.000e05 4.737e04 1.314e17 acorn3.png
4.0e12 -01.000e12 1.000e05 4.737e04 1.314e17 acorn3.png
3.0e12 -01.000e12 1.000e05 4.737e04 1.314e17 acorn3.png
2.0e12 -01.000e12 1.000e05 4.737e04 1.314e17 acorn3.png
1.0e12 -01.000e12 1.000e05 4.737e04 1.314e17 acorn3.png
0.0e12 -01.000e12 1.000e05 4.737e04 1.314e17 acorn3.png
0.5e12 -01.000e12 1.000e05 4.737e04 1.314e17 acorn3.png
-0.5e12 -01.000e12 1.000e05 4.737e04 -1.314e17 acorn3.png
-1.0e12 -01.000e12 1.000e05 4.737e04 -1.314e17 acorn3.png
-2.0e12 -01.000e12 1.000e05 4.737e04 -1.314e17 acorn3.png
-3.0e12 -01.000e12 1.000e05 4.737e04 -1.314e17 acorn3.png
-4.0e12 -01.000e12 1.000e05 4.737e04 -1.314e17 acorn3.png
-5.0e12 -01.000e12 1.000e05 4.737e04 -1.314e17 acorn3.png
-6.0e12 -01.000e12 1.000e05 4.737e04 -1.314e17 acorn3.png
-7.0e12 -01.000e12 1.000e05 4.737e04 -1.314e17 acorn3.png
-8.0e12 -01.000e12 1.000e05 4.737e04 -1.314e17 acorn3.png
-9.0e12 -01.000e12 1.000e05 4.737e04 -1.314e17 acorn3.png
-10.0e12 -01.000e12 1.000e05 4.737e04 -1.314e17 acorn3.png
-11.0e12 -01.000e12 1.000e05 4.737e04 -1.314e17 acorn3.png
5.5e12 -01.000e12 1.000e05 4.737e04 1.314e17 acorn3.png
6.5e12 -01.000e12 1.000e05 4.737e04 1.314e17 acorn3.png
7.5e12 -01.000e12 1.000e05 4.737e04 1.314e17 acorn3.png
8.5e12 -01.000e12 1.000e05 4.737e04 1.314e17 acorn3.png
9.5e12 -01.000e12 1.000e05 4.737e04 1.314e17 acorn3.png
10.5e12 -01.000e12 1.000e05 4.737e04 1.314e17 acorn3.png
11.5e12 -01.000e12 1.000e05 4.737e04 1.314e17 acorn3.png
4.5e12 -01.000e12 1.000e05 4.737e04 1.314e17 acorn3.png
3.5e12 -01.000e12 1.000e05 4.737e04 1.314e17 acorn3.png
2.5e12 -01.000e12 1.000e05 4.737e04 1.314e17 acorn3.png
1.5e12 -01.000e12 1.000e05 4.737e04 1.314e17 acorn3.png
-1.5e12 -01.000e12 1.000e05 4.737e04 -1.314e17 acorn3.png
-2.5e12 -01.000e12 1.000e05 4.737e04 -1.314e17 acorn3.png
-3.5e12 -01.000e12 1.000e05 4.737e04 -1.314e17 acorn3.png
-4.5e12 -01.000e12 1.000e05 4.737e04 -1.314e17 acorn3.png
-5.5e12 -01.000e12 1.000e05 4.737e04 -1.314e17 acorn3.png
-6.5e12 -01.000e12 1.000e05 4.737e04 -1.314e17 acorn3.png
-7.5e12 -01.000e12 1.000e05 4.737e04 -1.314e17 acorn3.png
-8.5e12 -01.000e12 1.000e05 4.737e04 -1.314e17 acorn3.png
-9.5e12 -01.000e12 1.000e05 4.737e04 -1.314e17 acorn3.png
-10.5e12 -01.000e12 1.000e05 4.737e04 -1.314e17 acorn3.png
-11.5e12 -01.000e12 1.000e05 4.737e04 -1.314e17 acorn3.png
